4

48
15    18     95    95
17    112    95    95
18    210    95    95
19    317    95    95
17    415    95    95
17    512    95    95
17    611    95    95
20    714    95    95
17    810    95    95
16    915    95    95
18    1016   95    95
20    1120   95    95
20    1225   95    95
18    1327   95    95
18    1432   95    95
20    1536   95    95
20    1638   95    95
20    1745   95    95
20    1847   95    95
136   15     84    86
136   110    84    92
137   210    84    91
135   310    84    90
135   411    90    87
135   509    91    88
139   606    90    89
140   711    91    89
143   808    90    90
144   915    91    89
146   1017   91    89
149   1121   91    89
152   1227   90    89
154   1332   91    89
155   1434   91    88
256   14     85    87
257   109    85    92
258   208    85    92
259   309    85    90
261   404    82    91
257   507    90    88
259   604    92    88
259   709    92    88
261   810    90    88
263   916    90    88
264   1016   92    88
265   1120   91    88
268   1227   91    88
268   1327   91    92

21
374   509    88    88
373   605    94    88
373   605    94    88
375   707    93    88
375   807    92    89
375   707    93    88
374   509    88    88
375   707    93    88
374   509    88    88
373   605    94    88
373   605    94    88
375   707    93    88
375   807    92    89
376   908	 91	   90
377	  1013   90	   90
379	  1120	 90	   90
379   1228   90    90
379   1326   90    90
379   1426   90    90
380   1530   90    91
380   1635   90    91

16
486   309    91    90
485   411    91    88
487   503    91    94
487   602    91    93
486   700    91    93
486   805    91    93
488   907    90    92
490   1013   90    92
493   1118   89    92
497   1226   89    91
498   1328   90    91
501   1430   89    91
502   1533   89    91
507   1635   89    91
507   1742   91    93
508   1837   91    92

25
598   304    90    91
598   406    90    90
600   503    92    90
604   604    93    91
600   706    102   89
609   808    93    90
614   910    92    90
618   1014   90    90
598   406    90    90
600   503    92    90
604   604    93    91
600   706    102   89
609   808    93    90
614   910    92    90
618   1014   90    90
598   406    90    90
600   503    92    90
604   604    93    91
600   706    102   89
609   808    93    90
614   910    92    90
618   1014   90    90
618   1116   90    92
620   1218   90    92
621   1324   90    93