50
0   0     350    400
1   0     1200   370
2   0     960   -80
2   0     960    1130
2   0    -50     150
2   0     1980   150
3   20    1405   230
3   40    1205   230
3   30    1605   230
4   0     1200   210
4   0     1400   210
4   0     1600   210
5   0	  1200   550
5   0	  1015   900
5   0	  420    450
6   0     450    110
6   0     1500   980
7   135   1620   800
7   0     310    220
7   90    515    900
7   180   1280   170
8   180   1550   600
8   0     715    450
8   135   630    600
9	0	  1015	 800